4977292666237
4977292331593
4977292645188
4977292443500
4977292640282
4977292878777
4977292676601
4977292632638
4977292969710
4977292131865
4977292309974
4977292457170
4977292343275
4977292681124
4977292419888
4977292698009
4977292336710
4977292620062
4977292109239
4977292403313
4977292389433
4977292644785
4977292310826
4977292119528
4977292443678
4977292710114
4977292680011
4977292691963
4977292343466
4977292622165
4977292651523
4977292168366
4977292387231
4977292897648
4977292349956
4977292419468
4977292976930
4977292636599
4977292450195
4977292142663
4977292328425
4977292385053
4977292128469
4977292277976
4977292666183
4977292437929
4977292420464
4977292628204
4977292351966
4977292491716
4977292405713
4977292142601
4977292241380
4977292262408
4977292142687
4977292281416
4977292424714
4977292428262